420.3008477
3176.216264
326.8175773
1360.999798
1723.785078
731.4096171
1907.807118
319.0356209
1289.23839
587.0453656
2332.080038
1466.732115
1706.352852
264.5537501
293.9361103
1485.991064
1373.313939
1540.443585
1418.243026
275.4612681
575.0095144
983.9805146
1469.116794
2143.455282
1560.720074
1588.771468
1539.035424
1277.98518
1531.134752
1163.620936
1612.018759
955.4713982
1604.009897
1234.383536
720.8766937
1356.322162
1596.218725
1604.851089
690.3018072
1427.20573
3558.592956
709.2501421
566.8609183
330.0938256
1112.912205
392.4880832
1161.843692
684.0529148
1163.787965
1522.721924
1412.12234
348.2727002
693.2375929
1617.408681
1916.79795
2813.041007
1690.972902
3669.784012
1301.196004
337.9786205
2496.865327
4485.670079
389.3864956
292.9742188
947.4727265
1460.23446
2794.413888
758.6266924
1425.76008
1446.170455
477.2447966
1353.579773
1525.909011
1112.755782
1519.448145
1564.802356
1036.859089
1422.871058
1540.14462
1020.842255
1574.189492
1499.336063
2342.085818
2162.05857
641.0570485
456.7992174
607.2549671
393.7503331
663.8411336
1215.106521
418.343142
1301.528555
1574.482618
1444.115242
1468.662495
1090.592444
1445.665169
1088.361166
1193.232732
674.4906682
282.1924158
1526.887122
1229.910957
974.0551695
1437.588237
1159.730499
2993.923998
883.3771484
583.2626898
1463.439775
519.698235
725.9437732
4460.15891
4642.477311
2061.529736
453.4769379
1423.265991
1482.649442
666.1851279
801.3684656
