1161.396533
2390.785778
927.1847475
111.3031637
146.9883313
2415.134702
1150.699684
517.4471
1209.771712
2802.400365
1248.861093
372.0670966
2881.804272
1147.761145
132.3807482
1676.080406
225.4201507
314.4459715
1152.16129
1248.698987
2868.324732
236.5924686
6.676215151
1260.705748
209.6575937
113.8706784
1007.904469
1470.974688
131.0625146
6499.060489
1879.76783
517.6476911
1544.474553
1097.765366
70.25198435
230.2123187
42.41577144
1231.701319
1641.867226
33.439063
262.4100471
71.83286315
1111.383111
1144.289852
731.201469
1149.373795
1713.707462
125.4473738
1691.431576
3057.126909
2303.011136
1277.56438
2869.129258
1207.265168
176.7364995
11.41950535
100.3470081
421.4402372
1236.666287
14.577578
1195.216553
5419.923829
597.0908632
1182.171897
3302.975133
1176.7147
1211.801898
204.719265
1166.270958
637.400826
1157.885366
485.6244223
904.2299799
970.5970315
3108.870789
66.13205979
1208.19474
861.0781338
243.7378699
1163.051939
1187.01748
1177.171743
1159.577241
1755.624646
909.1360891
496.4860007
18.73586851
1162.03485
1189.382508
419.9633859
1151.46705
1139.395449
1218.305569
43.55245674
1203.222589
566.0910211
1147.197523
1113.711348
1670.894245
651.6400804
48.8347942
196.7903702
1539.653534
578.2599589
3767.222723
1397.146398
1159.231805
1169.596856
257.3515195
1192.0611
1164.144032
1224.971044
1250.45244
2656.778352
1218.924786
1168.499224
1179.477492
722.5341235
510.2617694
244.7154815
634.4869207
1205.168893
617.0416106
1634.349907
1249.733913
1255.012824
1140.152901
243.4235597
1200.162333
334.499191
1603.596803
1940.766316
764.3497213
184.4012467
406.0513787
177.3808875
1185.889695
1759.347993
902.6685152
1612.15844
1104.389829
1191.329254
46.060225
232.6983158
297.1139993
2746.83628
1207.012609
1248.781576
1269.393276
1253.944679
